VERTICES: 30
ARESTAS: 136
ROUBO: 1
SAIDAS: 12 16 17 20 21 25
POLICIAIS: 3
POSICOES_POLICIA: 28 10 5
CONEXOES:
24 2 -2
2 24 12
15 30 -2
30 15 15
26 18 -1
18 26 16
12 16 6
16 12 6
22 21 -7
21 22 17
28 21 -7
21 28 21
3 16 -7
16 3 17
27 6 -1
6 27 15
7 5 -1
5 7 15
15 4 -2
4 15 13
19 14 -2
14 19 15
22 26 -2
26 22 12
14 25 -4
25 14 14
24 4 -1
4 24 11
9 17 -7
17 9 21
10 12 -7
12 10 20
1 9 -2
9 1 16
8 21 -7
21 8 21
11 17 -8
17 11 23
19 24 -1
24 19 14
10 21 -7
21 10 17
2 14 -1
14 2 11
8 30 -2
30 8 15
28 27 -1
27 28 16
2 23 -1
23 2 15
1 15 -2
15 1 17
10 30 -2
30 10 16
2 20 -4
20 2 16
11 6 -3
6 11 13
4 30 -1
30 4 14
19 27 -1
27 19 11
6 20 -4
20 6 16
7 13 -1
13 7 15
19 18 -1
18 19 14
20 25 6
25 20 6
4 17 -4
17 4 16
15 3 -1
3 15 14
5 12 -3
12 5 14
28 22 -1
22 28 15
30 14 -1
14 30 15
4 23 -1
23 4 16
23 17 -3
17 23 16
11 16 -8
16 11 20
28 29 -2
29 28 13
19 20 -6
20 19 18
2 16 -4
16 2 17
8 29 -2
29 8 17
10 26 -1
26 10 12
1 23 -6
23 1 18
6 13 -1
13 6 11
6 16 -4
16 6 14
14 13 -1
13 14 12
18 30 6
30 18 6
4 16 -4
16 4 16
22 27 -1
27 22 14
8 5 -4
5 8 17
28 4 -2
4 28 17
19 17 -6
17 19 19
1 4 -5
4 1 17
5 20 -3
20 5 15
1 7 -4
7 1 14
9 24 -1
24 9 11
11 21 -8
21 11 20
10 25 -7
25 10 21
9 27 -1
27 9 11
11 30 -3
30 11 16
26 25 -5
25 26 15
1 22 -2
22 1 13